12 32 52 32 87 12 32 32 42 23
42 32 52 32 87 12 32 32 42 23
52 32 52 32 87 12 32 32 42 23
32 52 32 87 12 32 32 42 23 54
62 32 87 12 32 32 42 23 16 85
32 12 32 52 32 87 12 32 32 42
56 65 87 12 32 52 32 87 12 32
65 12 32 52 32 87 12 32 32 42
12 32 52 32 87 12 32 32 42 23
12 32 52 32 87 12 32 32 42 23
12 32 52 32 87 12 32 32 42 23
42 32 52 32 87 12 32 32 42 23
52 32 52 32 87 12 32 32 42 23
32 52 32 87 12 32 32 42 23 54
62 32 87 12 32 32 42 23 16 85
32 12 32 52 32 87 12 32 32 42
56 65 87 12 32 52 32 87 12 32
65 12 32 52 32 87 12 32 32 42
12 32 52 32 87 12 32 32 42 23
12 32 52 32 87 12 32 32 42 23
12 32 52 32 87 12 32 32 42 23
42 32 52 32 87 12 32 32 42 23
52 32 52 32 87 12 32 32 42 23
32 52 32 87 12 32 32 42 23 54
62 32 87 12 32 32 42 23 16 85
32 12 32 52 32 87 12 32 32 42
56 65 87 12 32 52 32 87 12 32
65 12 32 52 32 87 12 32 32 42
12 32 52 32 87 12 32 32 42 23
12 32 52 32 87 12 32 32 42 23
12 32 52 32 87 12 32 32 42 23
42 32 52 32 87 12 32 32 42 23
52 32 52 32 87 12 32 32 42 23
32 52 32 87 12 32 32 42 23 54
62 32 87 12 32 32 42 23 16 85
32 12 32 52 32 87 12 32 32 42
56 65 87 12 32 52 32 87 12 32
65 12 32 52 32 87 12 32 32 42
12 32 52 32 87 12 32 32 42 23
12 32 52 32 87 12 32 32 42 23
12 32 52 32 87 12 32 32 42 23
42 32 52 32 87 12 32 32 42 23
52 32 52 32 87 12 32 32 42 23
32 52 32 87 12 32 32 42 23 54
62 32 87 12 32 32 42 23 16 85
32 12 32 52 32 87 12 32 32 42
56 65 87 12 32 52 32 87 12 32
65 12 32 52 32 87 12 32 32 42
12 32 52 32 87 12 32 32 42 23
12 32 52 32 87 12 32 32 42 23
